{
 "cells": [
  {
   "cell_type": "code",
   "execution_count": 1,
   "id": "93acc70a",
   "metadata": {
    "scrolled": true
   },
   "outputs": [],
   "source": [
    "# import xlsxwriter\n",
    "import pylightxl as xl\n",
    "import pandas as pd\n",
    "from sklearn.linear_model import LogisticRegression\n",
    "from sklearn.model_selection import train_test_split\n",
    "from sklearn.metrics import confusion_matrix\n",
    "import pickle"
   ]
  },
  {
   "cell_type": "code",
   "execution_count": 2,
   "id": "558ccaaf",
   "metadata": {},
   "outputs": [],
   "source": [
    "# readxl returns a pylightxl database that holds all worksheets and its data\n",
    "db = xl.readxl(fn='SPX_train_0.xlsx')"
   ]
  },
  {
   "cell_type": "code",
   "execution_count": 3,
   "id": "caeec8f2",
   "metadata": {},
   "outputs": [
    {
     "data": {
      "text/plain": [
       "['Sheet1']"
      ]
     },
     "execution_count": 3,
     "metadata": {},
     "output_type": "execute_result"
    }
   ],
   "source": [
    "db.ws_names"
   ]
  },
  {
   "cell_type": "code",
   "execution_count": 4,
   "id": "0aac6cbd",
   "metadata": {},
   "outputs": [
    {
     "data": {
      "text/plain": [
       "['Time',\n",
       " 'Returns',\n",
       " 'dp',\n",
       " 'dy',\n",
       " 'ep',\n",
       " 'de',\n",
       " 'svar',\n",
       " 'bm',\n",
       " 'ntis',\n",
       " 'tbl',\n",
       " 'lty',\n",
       " 'ltr',\n",
       " 'tms',\n",
       " 'dfy',\n",
       " 'dfr',\n",
       " 'infl']"
      ]
     },
     "execution_count": 4,
     "metadata": {},
     "output_type": "execute_result"
    }
   ],
   "source": [
    "db.ws(ws='Sheet1').row(row=1)"
   ]
  },
  {
   "cell_type": "code",
   "execution_count": 5,
   "id": "e97287df",
   "metadata": {},
   "outputs": [],
   "source": [
    "file_rows = []\n",
    "\n",
    "for row in db.ws(ws='Sheet1').rows:\n",
    "       file_rows.append(row)\n"
   ]
  },
  {
   "cell_type": "code",
   "execution_count": 6,
   "id": "3389cdae",
   "metadata": {},
   "outputs": [
    {
     "data": {
      "text/html": [
       "<div>\n",
       "<style scoped>\n",
       "    .dataframe tbody tr th:only-of-type {\n",
       "        vertical-align: middle;\n",
       "    }\n",
       "\n",
       "    .dataframe tbody tr th {\n",
       "        vertical-align: top;\n",
       "    }\n",
       "\n",
       "    .dataframe thead th {\n",
       "        text-align: right;\n",
       "    }\n",
       "</style>\n",
       "<table border=\"1\" class=\"dataframe\">\n",
       "  <thead>\n",
       "    <tr style=\"text-align: right;\">\n",
       "      <th></th>\n",
       "      <th>Time</th>\n",
       "      <th>Returns</th>\n",
       "      <th>dp</th>\n",
       "      <th>dy</th>\n",
       "      <th>ep</th>\n",
       "      <th>de</th>\n",
       "      <th>svar</th>\n",
       "      <th>bm</th>\n",
       "      <th>ntis</th>\n",
       "      <th>tbl</th>\n",
       "      <th>lty</th>\n",
       "      <th>ltr</th>\n",
       "      <th>tms</th>\n",
       "      <th>dfy</th>\n",
       "      <th>dfr</th>\n",
       "      <th>infl</th>\n",
       "    </tr>\n",
       "  </thead>\n",
       "  <tbody>\n",
       "    <tr>\n",
       "      <th>0</th>\n",
       "      <td>1945-01</td>\n",
       "      <td>1</td>\n",
       "      <td>-3.041609</td>\n",
       "      <td>-3.027403</td>\n",
       "      <td>-2.662340</td>\n",
       "      <td>-0.379269</td>\n",
       "      <td>0.000924</td>\n",
       "      <td>0.735342</td>\n",
       "      <td>0.016454</td>\n",
       "      <td>0.0038</td>\n",
       "      <td>0.0240</td>\n",
       "      <td>0.0127</td>\n",
       "      <td>0.0202</td>\n",
       "      <td>0.0077</td>\n",
       "      <td>-0.0051</td>\n",
       "      <td>0.000000</td>\n",
       "    </tr>\n",
       "    <tr>\n",
       "      <th>1</th>\n",
       "      <td>1945-02</td>\n",
       "      <td>0</td>\n",
       "      <td>-3.096132</td>\n",
       "      <td>-3.036338</td>\n",
       "      <td>-2.711553</td>\n",
       "      <td>-0.384579</td>\n",
       "      <td>0.000655</td>\n",
       "      <td>0.704489</td>\n",
       "      <td>0.014836</td>\n",
       "      <td>0.0038</td>\n",
       "      <td>0.0236</td>\n",
       "      <td>0.0077</td>\n",
       "      <td>0.0198</td>\n",
       "      <td>0.0076</td>\n",
       "      <td>-0.0031</td>\n",
       "      <td>0.000000</td>\n",
       "    </tr>\n",
       "    <tr>\n",
       "      <th>2</th>\n",
       "      <td>1945-03</td>\n",
       "      <td>1</td>\n",
       "      <td>-3.043790</td>\n",
       "      <td>-3.091042</td>\n",
       "      <td>-2.653829</td>\n",
       "      <td>-0.389961</td>\n",
       "      <td>0.001887</td>\n",
       "      <td>0.767883</td>\n",
       "      <td>0.015963</td>\n",
       "      <td>0.0038</td>\n",
       "      <td>0.0236</td>\n",
       "      <td>0.0021</td>\n",
       "      <td>0.0198</td>\n",
       "      <td>0.0076</td>\n",
       "      <td>-0.0003</td>\n",
       "      <td>0.000000</td>\n",
       "    </tr>\n",
       "    <tr>\n",
       "      <th>3</th>\n",
       "      <td>1945-04</td>\n",
       "      <td>1</td>\n",
       "      <td>-3.128109</td>\n",
       "      <td>-3.043790</td>\n",
       "      <td>-2.724389</td>\n",
       "      <td>-0.403720</td>\n",
       "      <td>0.001398</td>\n",
       "      <td>0.715063</td>\n",
       "      <td>0.015086</td>\n",
       "      <td>0.0038</td>\n",
       "      <td>0.0228</td>\n",
       "      <td>0.0160</td>\n",
       "      <td>0.0190</td>\n",
       "      <td>0.0075</td>\n",
       "      <td>-0.0142</td>\n",
       "      <td>0.000000</td>\n",
       "    </tr>\n",
       "    <tr>\n",
       "      <th>4</th>\n",
       "      <td>1945-05</td>\n",
       "      <td>0</td>\n",
       "      <td>-3.139500</td>\n",
       "      <td>-3.128109</td>\n",
       "      <td>-2.722106</td>\n",
       "      <td>-0.417394</td>\n",
       "      <td>0.000921</td>\n",
       "      <td>0.702911</td>\n",
       "      <td>0.019773</td>\n",
       "      <td>0.0038</td>\n",
       "      <td>0.0226</td>\n",
       "      <td>0.0056</td>\n",
       "      <td>0.0188</td>\n",
       "      <td>0.0070</td>\n",
       "      <td>-0.0067</td>\n",
       "      <td>0.005618</td>\n",
       "    </tr>\n",
       "  </tbody>\n",
       "</table>\n",
       "</div>"
      ],
      "text/plain": [
       "      Time  Returns        dp        dy        ep        de      svar  \\\n",
       "0  1945-01        1 -3.041609 -3.027403 -2.662340 -0.379269  0.000924   \n",
       "1  1945-02        0 -3.096132 -3.036338 -2.711553 -0.384579  0.000655   \n",
       "2  1945-03        1 -3.043790 -3.091042 -2.653829 -0.389961  0.001887   \n",
       "3  1945-04        1 -3.128109 -3.043790 -2.724389 -0.403720  0.001398   \n",
       "4  1945-05        0 -3.139500 -3.128109 -2.722106 -0.417394  0.000921   \n",
       "\n",
       "         bm      ntis     tbl     lty     ltr     tms     dfy     dfr  \\\n",
       "0  0.735342  0.016454  0.0038  0.0240  0.0127  0.0202  0.0077 -0.0051   \n",
       "1  0.704489  0.014836  0.0038  0.0236  0.0077  0.0198  0.0076 -0.0031   \n",
       "2  0.767883  0.015963  0.0038  0.0236  0.0021  0.0198  0.0076 -0.0003   \n",
       "3  0.715063  0.015086  0.0038  0.0228  0.0160  0.0190  0.0075 -0.0142   \n",
       "4  0.702911  0.019773  0.0038  0.0226  0.0056  0.0188  0.0070 -0.0067   \n",
       "\n",
       "       infl  \n",
       "0  0.000000  \n",
       "1  0.000000  \n",
       "2  0.000000  \n",
       "3  0.000000  \n",
       "4  0.005618  "
      ]
     },
     "execution_count": 6,
     "metadata": {},
     "output_type": "execute_result"
    }
   ],
   "source": [
    "df = pd.DataFrame(file_rows[1:])\n",
    "df.columns = file_rows[0]\n",
    "df.head()"
   ]
  },
  {
   "cell_type": "code",
   "execution_count": 7,
   "id": "0ebb0477",
   "metadata": {},
   "outputs": [
    {
     "data": {
      "text/html": [
       "<div>\n",
       "<style scoped>\n",
       "    .dataframe tbody tr th:only-of-type {\n",
       "        vertical-align: middle;\n",
       "    }\n",
       "\n",
       "    .dataframe tbody tr th {\n",
       "        vertical-align: top;\n",
       "    }\n",
       "\n",
       "    .dataframe thead th {\n",
       "        text-align: right;\n",
       "    }\n",
       "</style>\n",
       "<table border=\"1\" class=\"dataframe\">\n",
       "  <thead>\n",
       "    <tr style=\"text-align: right;\">\n",
       "      <th></th>\n",
       "      <th>Returns</th>\n",
       "      <th>dp</th>\n",
       "      <th>dy</th>\n",
       "      <th>ep</th>\n",
       "      <th>de</th>\n",
       "      <th>svar</th>\n",
       "      <th>bm</th>\n",
       "      <th>ntis</th>\n",
       "      <th>tbl</th>\n",
       "      <th>lty</th>\n",
       "      <th>ltr</th>\n",
       "      <th>tms</th>\n",
       "      <th>dfy</th>\n",
       "      <th>dfr</th>\n",
       "      <th>infl</th>\n",
       "    </tr>\n",
       "  </thead>\n",
       "  <tbody>\n",
       "    <tr>\n",
       "      <th>Returns</th>\n",
       "      <td>1.000000</td>\n",
       "      <td>-0.013558</td>\n",
       "      <td>-0.010382</td>\n",
       "      <td>-0.024331</td>\n",
       "      <td>0.016652</td>\n",
       "      <td>-0.032973</td>\n",
       "      <td>-0.062108</td>\n",
       "      <td>-0.070254</td>\n",
       "      <td>-0.108139</td>\n",
       "      <td>-0.091426</td>\n",
       "      <td>0.042334</td>\n",
       "      <td>0.055445</td>\n",
       "      <td>0.006196</td>\n",
       "      <td>0.032814</td>\n",
       "      <td>-0.124365</td>\n",
       "    </tr>\n",
       "    <tr>\n",
       "      <th>dp</th>\n",
       "      <td>-0.013558</td>\n",
       "      <td>1.000000</td>\n",
       "      <td>0.995444</td>\n",
       "      <td>0.784057</td>\n",
       "      <td>0.316316</td>\n",
       "      <td>-0.067223</td>\n",
       "      <td>0.893108</td>\n",
       "      <td>0.321757</td>\n",
       "      <td>0.259010</td>\n",
       "      <td>0.172625</td>\n",
       "      <td>-0.015995</td>\n",
       "      <td>-0.231585</td>\n",
       "      <td>0.090029</td>\n",
       "      <td>-0.001723</td>\n",
       "      <td>0.190462</td>\n",
       "    </tr>\n",
       "    <tr>\n",
       "      <th>dy</th>\n",
       "      <td>-0.010382</td>\n",
       "      <td>0.995444</td>\n",
       "      <td>1.000000</td>\n",
       "      <td>0.780035</td>\n",
       "      <td>0.315562</td>\n",
       "      <td>-0.099024</td>\n",
       "      <td>0.887306</td>\n",
       "      <td>0.317785</td>\n",
       "      <td>0.254149</td>\n",
       "      <td>0.169771</td>\n",
       "      <td>-0.008529</td>\n",
       "      <td>-0.226418</td>\n",
       "      <td>0.091557</td>\n",
       "      <td>0.018966</td>\n",
       "      <td>0.182688</td>\n",
       "    </tr>\n",
       "    <tr>\n",
       "      <th>ep</th>\n",
       "      <td>-0.024331</td>\n",
       "      <td>0.784057</td>\n",
       "      <td>0.780035</td>\n",
       "      <td>1.000000</td>\n",
       "      <td>-0.340809</td>\n",
       "      <td>-0.168505</td>\n",
       "      <td>0.819701</td>\n",
       "      <td>0.244682</td>\n",
       "      <td>0.364006</td>\n",
       "      <td>0.236346</td>\n",
       "      <td>0.001676</td>\n",
       "      <td>-0.338798</td>\n",
       "      <td>-0.028332</td>\n",
       "      <td>-0.070064</td>\n",
       "      <td>0.217077</td>\n",
       "    </tr>\n",
       "    <tr>\n",
       "      <th>de</th>\n",
       "      <td>0.016652</td>\n",
       "      <td>0.316316</td>\n",
       "      <td>0.315562</td>\n",
       "      <td>-0.340809</td>\n",
       "      <td>1.000000</td>\n",
       "      <td>0.155721</td>\n",
       "      <td>0.099933</td>\n",
       "      <td>0.113382</td>\n",
       "      <td>-0.164032</td>\n",
       "      <td>-0.099761</td>\n",
       "      <td>-0.026788</td>\n",
       "      <td>0.167043</td>\n",
       "      <td>0.179666</td>\n",
       "      <td>0.104476</td>\n",
       "      <td>-0.043292</td>\n",
       "    </tr>\n",
       "    <tr>\n",
       "      <th>svar</th>\n",
       "      <td>-0.032973</td>\n",
       "      <td>-0.067223</td>\n",
       "      <td>-0.099024</td>\n",
       "      <td>-0.168505</td>\n",
       "      <td>0.155721</td>\n",
       "      <td>1.000000</td>\n",
       "      <td>-0.085317</td>\n",
       "      <td>-0.194539</td>\n",
       "      <td>-0.040499</td>\n",
       "      <td>0.020425</td>\n",
       "      <td>0.143990</td>\n",
       "      <td>0.137262</td>\n",
       "      <td>0.309874</td>\n",
       "      <td>-0.140850</td>\n",
       "      <td>-0.095177</td>\n",
       "    </tr>\n",
       "    <tr>\n",
       "      <th>bm</th>\n",
       "      <td>-0.062108</td>\n",
       "      <td>0.893108</td>\n",
       "      <td>0.887306</td>\n",
       "      <td>0.819701</td>\n",
       "      <td>0.099933</td>\n",
       "      <td>-0.085317</td>\n",
       "      <td>1.000000</td>\n",
       "      <td>0.329714</td>\n",
       "      <td>0.431686</td>\n",
       "      <td>0.338215</td>\n",
       "      <td>-0.006183</td>\n",
       "      <td>-0.278345</td>\n",
       "      <td>0.221486</td>\n",
       "      <td>-0.007548</td>\n",
       "      <td>0.289631</td>\n",
       "    </tr>\n",
       "    <tr>\n",
       "      <th>ntis</th>\n",
       "      <td>-0.070254</td>\n",
       "      <td>0.321757</td>\n",
       "      <td>0.317785</td>\n",
       "      <td>0.244682</td>\n",
       "      <td>0.113382</td>\n",
       "      <td>-0.194539</td>\n",
       "      <td>0.329714</td>\n",
       "      <td>1.000000</td>\n",
       "      <td>0.029686</td>\n",
       "      <td>-0.021671</td>\n",
       "      <td>-0.078767</td>\n",
       "      <td>-0.114891</td>\n",
       "      <td>-0.376040</td>\n",
       "      <td>0.012828</td>\n",
       "      <td>0.136347</td>\n",
       "    </tr>\n",
       "    <tr>\n",
       "      <th>tbl</th>\n",
       "      <td>-0.108139</td>\n",
       "      <td>0.259010</td>\n",
       "      <td>0.254149</td>\n",
       "      <td>0.364006</td>\n",
       "      <td>-0.164032</td>\n",
       "      <td>-0.040499</td>\n",
       "      <td>0.431686</td>\n",
       "      <td>0.029686</td>\n",
       "      <td>1.000000</td>\n",
       "      <td>0.902038</td>\n",
       "      <td>0.042228</td>\n",
       "      <td>-0.392109</td>\n",
       "      <td>0.362053</td>\n",
       "      <td>-0.037519</td>\n",
       "      <td>0.294536</td>\n",
       "    </tr>\n",
       "    <tr>\n",
       "      <th>lty</th>\n",
       "      <td>-0.091426</td>\n",
       "      <td>0.172625</td>\n",
       "      <td>0.169771</td>\n",
       "      <td>0.236346</td>\n",
       "      <td>-0.099761</td>\n",
       "      <td>0.020425</td>\n",
       "      <td>0.338215</td>\n",
       "      <td>-0.021671</td>\n",
       "      <td>0.902038</td>\n",
       "      <td>1.000000</td>\n",
       "      <td>0.043965</td>\n",
       "      <td>0.043392</td>\n",
       "      <td>0.515961</td>\n",
       "      <td>-0.003863</td>\n",
       "      <td>0.239608</td>\n",
       "    </tr>\n",
       "    <tr>\n",
       "      <th>ltr</th>\n",
       "      <td>0.042334</td>\n",
       "      <td>-0.015995</td>\n",
       "      <td>-0.008529</td>\n",
       "      <td>0.001676</td>\n",
       "      <td>-0.026788</td>\n",
       "      <td>0.143990</td>\n",
       "      <td>-0.006183</td>\n",
       "      <td>-0.078767</td>\n",
       "      <td>0.042228</td>\n",
       "      <td>0.043965</td>\n",
       "      <td>1.000000</td>\n",
       "      <td>-0.004039</td>\n",
       "      <td>0.142143</td>\n",
       "      <td>-0.462067</td>\n",
       "      <td>-0.116570</td>\n",
       "    </tr>\n",
       "    <tr>\n",
       "      <th>tms</th>\n",
       "      <td>0.055445</td>\n",
       "      <td>-0.231585</td>\n",
       "      <td>-0.226418</td>\n",
       "      <td>-0.338798</td>\n",
       "      <td>0.167043</td>\n",
       "      <td>0.137262</td>\n",
       "      <td>-0.278345</td>\n",
       "      <td>-0.114891</td>\n",
       "      <td>-0.392109</td>\n",
       "      <td>0.043392</td>\n",
       "      <td>-0.004039</td>\n",
       "      <td>1.000000</td>\n",
       "      <td>0.261622</td>\n",
       "      <td>0.078603</td>\n",
       "      <td>-0.171059</td>\n",
       "    </tr>\n",
       "    <tr>\n",
       "      <th>dfy</th>\n",
       "      <td>0.006196</td>\n",
       "      <td>0.090029</td>\n",
       "      <td>0.091557</td>\n",
       "      <td>-0.028332</td>\n",
       "      <td>0.179666</td>\n",
       "      <td>0.309874</td>\n",
       "      <td>0.221486</td>\n",
       "      <td>-0.376040</td>\n",
       "      <td>0.362053</td>\n",
       "      <td>0.515961</td>\n",
       "      <td>0.142143</td>\n",
       "      <td>0.261622</td>\n",
       "      <td>1.000000</td>\n",
       "      <td>0.070785</td>\n",
       "      <td>0.030031</td>\n",
       "    </tr>\n",
       "    <tr>\n",
       "      <th>dfr</th>\n",
       "      <td>0.032814</td>\n",
       "      <td>-0.001723</td>\n",
       "      <td>0.018966</td>\n",
       "      <td>-0.070064</td>\n",
       "      <td>0.104476</td>\n",
       "      <td>-0.140850</td>\n",
       "      <td>-0.007548</td>\n",
       "      <td>0.012828</td>\n",
       "      <td>-0.037519</td>\n",
       "      <td>-0.003863</td>\n",
       "      <td>-0.462067</td>\n",
       "      <td>0.078603</td>\n",
       "      <td>0.070785</td>\n",
       "      <td>1.000000</td>\n",
       "      <td>-0.008016</td>\n",
       "    </tr>\n",
       "    <tr>\n",
       "      <th>infl</th>\n",
       "      <td>-0.124365</td>\n",
       "      <td>0.190462</td>\n",
       "      <td>0.182688</td>\n",
       "      <td>0.217077</td>\n",
       "      <td>-0.043292</td>\n",
       "      <td>-0.095177</td>\n",
       "      <td>0.289631</td>\n",
       "      <td>0.136347</td>\n",
       "      <td>0.294536</td>\n",
       "      <td>0.239608</td>\n",
       "      <td>-0.116570</td>\n",
       "      <td>-0.171059</td>\n",
       "      <td>0.030031</td>\n",
       "      <td>-0.008016</td>\n",
       "      <td>1.000000</td>\n",
       "    </tr>\n",
       "  </tbody>\n",
       "</table>\n",
       "</div>"
      ],
      "text/plain": [
       "          Returns        dp        dy        ep        de      svar        bm  \\\n",
       "Returns  1.000000 -0.013558 -0.010382 -0.024331  0.016652 -0.032973 -0.062108   \n",
       "dp      -0.013558  1.000000  0.995444  0.784057  0.316316 -0.067223  0.893108   \n",
       "dy      -0.010382  0.995444  1.000000  0.780035  0.315562 -0.099024  0.887306   \n",
       "ep      -0.024331  0.784057  0.780035  1.000000 -0.340809 -0.168505  0.819701   \n",
       "de       0.016652  0.316316  0.315562 -0.340809  1.000000  0.155721  0.099933   \n",
       "svar    -0.032973 -0.067223 -0.099024 -0.168505  0.155721  1.000000 -0.085317   \n",
       "bm      -0.062108  0.893108  0.887306  0.819701  0.099933 -0.085317  1.000000   \n",
       "ntis    -0.070254  0.321757  0.317785  0.244682  0.113382 -0.194539  0.329714   \n",
       "tbl     -0.108139  0.259010  0.254149  0.364006 -0.164032 -0.040499  0.431686   \n",
       "lty     -0.091426  0.172625  0.169771  0.236346 -0.099761  0.020425  0.338215   \n",
       "ltr      0.042334 -0.015995 -0.008529  0.001676 -0.026788  0.143990 -0.006183   \n",
       "tms      0.055445 -0.231585 -0.226418 -0.338798  0.167043  0.137262 -0.278345   \n",
       "dfy      0.006196  0.090029  0.091557 -0.028332  0.179666  0.309874  0.221486   \n",
       "dfr      0.032814 -0.001723  0.018966 -0.070064  0.104476 -0.140850 -0.007548   \n",
       "infl    -0.124365  0.190462  0.182688  0.217077 -0.043292 -0.095177  0.289631   \n",
       "\n",
       "             ntis       tbl       lty       ltr       tms       dfy       dfr  \\\n",
       "Returns -0.070254 -0.108139 -0.091426  0.042334  0.055445  0.006196  0.032814   \n",
       "dp       0.321757  0.259010  0.172625 -0.015995 -0.231585  0.090029 -0.001723   \n",
       "dy       0.317785  0.254149  0.169771 -0.008529 -0.226418  0.091557  0.018966   \n",
       "ep       0.244682  0.364006  0.236346  0.001676 -0.338798 -0.028332 -0.070064   \n",
       "de       0.113382 -0.164032 -0.099761 -0.026788  0.167043  0.179666  0.104476   \n",
       "svar    -0.194539 -0.040499  0.020425  0.143990  0.137262  0.309874 -0.140850   \n",
       "bm       0.329714  0.431686  0.338215 -0.006183 -0.278345  0.221486 -0.007548   \n",
       "ntis     1.000000  0.029686 -0.021671 -0.078767 -0.114891 -0.376040  0.012828   \n",
       "tbl      0.029686  1.000000  0.902038  0.042228 -0.392109  0.362053 -0.037519   \n",
       "lty     -0.021671  0.902038  1.000000  0.043965  0.043392  0.515961 -0.003863   \n",
       "ltr     -0.078767  0.042228  0.043965  1.000000 -0.004039  0.142143 -0.462067   \n",
       "tms     -0.114891 -0.392109  0.043392 -0.004039  1.000000  0.261622  0.078603   \n",
       "dfy     -0.376040  0.362053  0.515961  0.142143  0.261622  1.000000  0.070785   \n",
       "dfr      0.012828 -0.037519 -0.003863 -0.462067  0.078603  0.070785  1.000000   \n",
       "infl     0.136347  0.294536  0.239608 -0.116570 -0.171059  0.030031 -0.008016   \n",
       "\n",
       "             infl  \n",
       "Returns -0.124365  \n",
       "dp       0.190462  \n",
       "dy       0.182688  \n",
       "ep       0.217077  \n",
       "de      -0.043292  \n",
       "svar    -0.095177  \n",
       "bm       0.289631  \n",
       "ntis     0.136347  \n",
       "tbl      0.294536  \n",
       "lty      0.239608  \n",
       "ltr     -0.116570  \n",
       "tms     -0.171059  \n",
       "dfy      0.030031  \n",
       "dfr     -0.008016  \n",
       "infl     1.000000  "
      ]
     },
     "execution_count": 7,
     "metadata": {},
     "output_type": "execute_result"
    }
   ],
   "source": [
    "corr_df = df.corr()\n",
    "corr_df"
   ]
  },
  {
   "cell_type": "code",
   "execution_count": 8,
   "id": "7f5c6d1f",
   "metadata": {},
   "outputs": [
    {
     "data": {
      "text/plain": [
       "Returns    1.000000\n",
       "dp        -0.013558\n",
       "dy        -0.010382\n",
       "ep        -0.024331\n",
       "de         0.016652\n",
       "svar      -0.032973\n",
       "bm        -0.062108\n",
       "ntis      -0.070254\n",
       "tbl       -0.108139\n",
       "lty       -0.091426\n",
       "ltr        0.042334\n",
       "tms        0.055445\n",
       "dfy        0.006196\n",
       "dfr        0.032814\n",
       "infl      -0.124365\n",
       "Name: Returns, dtype: float64"
      ]
     },
     "execution_count": 8,
     "metadata": {},
     "output_type": "execute_result"
    }
   ],
   "source": [
    "returns = corr_df[\"Returns\"]\n",
    "returns"
   ]
  },
  {
   "cell_type": "code",
   "execution_count": 9,
   "id": "7f884d19",
   "metadata": {},
   "outputs": [],
   "source": [
    "five_percent_corr = returns[abs(returns) > 0.05 ]"
   ]
  },
  {
   "cell_type": "code",
   "execution_count": 10,
   "id": "0ae5763d",
   "metadata": {},
   "outputs": [
    {
     "data": {
      "text/plain": [
       "Returns    1.000000\n",
       "bm        -0.062108\n",
       "ntis      -0.070254\n",
       "tbl       -0.108139\n",
       "lty       -0.091426\n",
       "tms        0.055445\n",
       "infl      -0.124365\n",
       "Name: Returns, dtype: float64"
      ]
     },
     "execution_count": 10,
     "metadata": {},
     "output_type": "execute_result"
    }
   ],
   "source": [
    "five_percent_corr"
   ]
  },
  {
   "cell_type": "code",
   "execution_count": 11,
   "id": "ca1fb711",
   "metadata": {},
   "outputs": [],
   "source": [
    "X = df[[c for c in df.columns if c in five_percent_corr]]\n",
    "y = df[\"Returns\"]"
   ]
  },
  {
   "cell_type": "code",
   "execution_count": 12,
   "id": "ea1849cb",
   "metadata": {},
   "outputs": [
    {
     "data": {
      "text/html": [
       "<div>\n",
       "<style scoped>\n",
       "    .dataframe tbody tr th:only-of-type {\n",
       "        vertical-align: middle;\n",
       "    }\n",
       "\n",
       "    .dataframe tbody tr th {\n",
       "        vertical-align: top;\n",
       "    }\n",
       "\n",
       "    .dataframe thead th {\n",
       "        text-align: right;\n",
       "    }\n",
       "</style>\n",
       "<table border=\"1\" class=\"dataframe\">\n",
       "  <thead>\n",
       "    <tr style=\"text-align: right;\">\n",
       "      <th></th>\n",
       "      <th>Returns</th>\n",
       "      <th>bm</th>\n",
       "      <th>ntis</th>\n",
       "      <th>tbl</th>\n",
       "      <th>lty</th>\n",
       "      <th>tms</th>\n",
       "      <th>infl</th>\n",
       "    </tr>\n",
       "  </thead>\n",
       "  <tbody>\n",
       "    <tr>\n",
       "      <th>0</th>\n",
       "      <td>1</td>\n",
       "      <td>0.735342</td>\n",
       "      <td>0.016454</td>\n",
       "      <td>0.0038</td>\n",
       "      <td>0.0240</td>\n",
       "      <td>0.0202</td>\n",
       "      <td>0.000000</td>\n",
       "    </tr>\n",
       "    <tr>\n",
       "      <th>1</th>\n",
       "      <td>0</td>\n",
       "      <td>0.704489</td>\n",
       "      <td>0.014836</td>\n",
       "      <td>0.0038</td>\n",
       "      <td>0.0236</td>\n",
       "      <td>0.0198</td>\n",
       "      <td>0.000000</td>\n",
       "    </tr>\n",
       "    <tr>\n",
       "      <th>2</th>\n",
       "      <td>1</td>\n",
       "      <td>0.767883</td>\n",
       "      <td>0.015963</td>\n",
       "      <td>0.0038</td>\n",
       "      <td>0.0236</td>\n",
       "      <td>0.0198</td>\n",
       "      <td>0.000000</td>\n",
       "    </tr>\n",
       "    <tr>\n",
       "      <th>3</th>\n",
       "      <td>1</td>\n",
       "      <td>0.715063</td>\n",
       "      <td>0.015086</td>\n",
       "      <td>0.0038</td>\n",
       "      <td>0.0228</td>\n",
       "      <td>0.0190</td>\n",
       "      <td>0.000000</td>\n",
       "    </tr>\n",
       "    <tr>\n",
       "      <th>4</th>\n",
       "      <td>0</td>\n",
       "      <td>0.702911</td>\n",
       "      <td>0.019773</td>\n",
       "      <td>0.0038</td>\n",
       "      <td>0.0226</td>\n",
       "      <td>0.0188</td>\n",
       "      <td>0.005618</td>\n",
       "    </tr>\n",
       "  </tbody>\n",
       "</table>\n",
       "</div>"
      ],
      "text/plain": [
       "   Returns        bm      ntis     tbl     lty     tms      infl\n",
       "0        1  0.735342  0.016454  0.0038  0.0240  0.0202  0.000000\n",
       "1        0  0.704489  0.014836  0.0038  0.0236  0.0198  0.000000\n",
       "2        1  0.767883  0.015963  0.0038  0.0236  0.0198  0.000000\n",
       "3        1  0.715063  0.015086  0.0038  0.0228  0.0190  0.000000\n",
       "4        0  0.702911  0.019773  0.0038  0.0226  0.0188  0.005618"
      ]
     },
     "execution_count": 12,
     "metadata": {},
     "output_type": "execute_result"
    }
   ],
   "source": [
    "X.head()"
   ]
  },
  {
   "cell_type": "code",
   "execution_count": 13,
   "id": "13df7303",
   "metadata": {},
   "outputs": [],
   "source": [
    "X_train, X_test, y_train, y_test = train_test_split(X,y,test_size=0.2)"
   ]
  },
  {
   "cell_type": "code",
   "execution_count": 14,
   "id": "7a316439",
   "metadata": {},
   "outputs": [
    {
     "data": {
      "text/plain": [
       "LogisticRegression()"
      ]
     },
     "execution_count": 14,
     "metadata": {},
     "output_type": "execute_result"
    }
   ],
   "source": [
    "lr = LogisticRegression()\n",
    "\n",
    "lr.fit(X_train, y_train)\n"
   ]
  },
  {
   "cell_type": "code",
   "execution_count": 15,
   "id": "e615ed7b",
   "metadata": {},
   "outputs": [],
   "source": [
    "y_pred = lr.predict(X_test)"
   ]
  },
  {
   "cell_type": "code",
   "execution_count": 16,
   "id": "597a8491",
   "metadata": {},
   "outputs": [
    {
     "data": {
      "text/plain": [
       "array([[ 79,   0],\n",
       "       [  0, 101]])"
      ]
     },
     "execution_count": 16,
     "metadata": {},
     "output_type": "execute_result"
    }
   ],
   "source": [
    "confusion_matrix(y_test, y_pred)"
   ]
  },
  {
   "cell_type": "code",
   "execution_count": 17,
   "id": "7a3b5a4b",
   "metadata": {},
   "outputs": [],
   "source": [
    "filename = \"predict_now.sav\"\n",
    "pickle.dump(lr, open(filename, 'wb'))"
   ]
  }
 ],
 "metadata": {
  "kernelspec": {
   "display_name": "Python 3 (ipykernel)",
   "language": "python",
   "name": "python3"
  },
  "language_info": {
   "codemirror_mode": {
    "name": "ipython",
    "version": 3
   },
   "file_extension": ".py",
   "mimetype": "text/x-python",
   "name": "python",
   "nbconvert_exporter": "python",
   "pygments_lexer": "ipython3",
   "version": "3.9.7"
  }
 },
 "nbformat": 4,
 "nbformat_minor": 5
}
